{
 "cells": [
  {
   "cell_type": "markdown",
   "metadata": {},
   "source": [
    "# Import Java gateway and STEAM API (SING, UTILS)"
   ]
  },
  {
   "cell_type": "code",
   "execution_count": 1,
   "metadata": {},
   "outputs": [
    {
     "name": "stdout",
     "output_type": "stream",
     "text": [
      "Requirement already satisfied: py4j in /cvmfs/sft.cern.ch/lcg/views/LCG_97python3/x86_64-centos7-gcc9-opt/lib/python3.7/site-packages (0.10.7)\r\n"
     ]
    }
   ],
   "source": [
    "import sys\n",
    "!{sys.executable} -m pip install py4j\n",
    "\n",
    "import datetime"
   ]
  },
  {
   "cell_type": "code",
   "execution_count": 2,
   "metadata": {},
   "outputs": [],
   "source": [
    "from py4j.java_gateway import launch_gateway, java_import, JavaGateway, JavaObject, GatewayParameters, Py4JNetworkError\n",
    "\n",
    "# Launch a Gateway in a new Java process, this returns port\n",
    "port = launch_gateway(classpath='../../steam/*')\n",
    "# JavaGateway instance is connected to a Gateway instance on the Java side\n",
    "gateway = JavaGateway(gateway_parameters=GatewayParameters(port=port))\n",
    "# Get STEAM API Java classes\n",
    "MutualInductance = gateway.jvm.component.MutualInductance\n",
    "Netlist = gateway.jvm.netlist.Netlist\n",
    "CommentElement = gateway.jvm.netlist.elements.CommentElement\n",
    "GeneralElement = gateway.jvm.netlist.elements.GeneralElement\n",
    "ACSolverElement = gateway.jvm.netlist.solvers.ACSolverElement\n",
    "CircuitalPreconditionerSubcircuit = gateway.jvm.preconditioner.CircuitalPreconditionerSubcircuit\n",
    "TextFile = gateway.jvm.utils.TextFile\n",
    "CSVReader = gateway.jvm.utils.CSVReader"
   ]
  },
  {
   "cell_type": "markdown",
   "metadata": {},
   "source": [
    "# Import ligthweight STEAM API in python"
   ]
  },
  {
   "cell_type": "code",
   "execution_count": 3,
   "metadata": {},
   "outputs": [],
   "source": [
    "import sys\n",
    "import os\n",
    "from pathlib import Path\n",
    "\n",
    "curr_dir = Path(os.path.split(os.getcwd())[0])\n",
    "utilities_dir = str(curr_dir.parent / 'steam')\n",
    "\n",
    "if utilities_dir not in sys.path:\n",
    "    sys.path.append(utilities_dir)\n",
    "    \n",
    "import workbook as w\n",
    "import arrays as a"
   ]
  },
  {
   "cell_type": "markdown",
   "metadata": {},
   "source": [
    "# Read M matrix\n",
    "Assumptions:\n",
    "1. diagonal terms denote self inductance\n",
    "2. off-diagonal terms are coupling ooefficients k_1_2 = M_1_2 / sqrt(L_1*L_2), where M_1_2 is the mutual coupling, and L_1, L_2 are self inductances\n",
    "3. no checks whether k <= 1\n",
    "4. no checks whether the M matrix is symmetric\n",
    "5. no checks whether the M matrix is stable\n",
    "6. entries are separated by the DELIMITER\n",
    "7. no checks whether the matrix is fully populated"
   ]
  },
  {
   "cell_type": "code",
   "execution_count": 4,
   "metadata": {},
   "outputs": [
    {
     "name": "stdout",
     "output_type": "stream",
     "text": [
      "L =  [[0.0047106085921072, 0.00207076096488376, 0.00118346898760775, 0.00212166019601174, 0.000248616208304472, 0.000113015081400817, 0.000128051918566202, 0.000300313183066156], [0.00207076096488376, 0.00169338978593188, 0.000830458619067706, 0.00118346898760775, 0.000113015081400817, 5.07459415902748e-05, 5.51236598098142e-05, 0.000128051918566202], [0.00118346898760775, 0.000830458619067706, 0.00169338978593188, 0.00207076096488376, 0.000128051918566202, 5.51236598098142e-05, 5.07459415902748e-05, 0.000113015081400817], [0.00212166019601174, 0.00118346898760775, 0.00207076096488376, 0.0047106085921072, 0.000300313183066156, 0.000128051918566202, 0.000113015081400817, 0.000248616208304472], [0.000248616208304472, 0.000113015081400817, 0.000128051918566202, 0.000300313183066156, 0.0047106085921072, 0.00207076096488376, 0.00118346898760775, 0.00212166019601174], [0.000113015081400817, 5.07459415902748e-05, 5.51236598098142e-05, 0.000128051918566202, 0.00207076096488376, 0.00169338978593188, 0.000830458619067706, 0.00118346898760775], [0.000128051918566202, 5.51236598098142e-05, 5.07459415902748e-05, 0.000113015081400817, 0.00118346898760775, 0.000830458619067706, 0.00169338978593188, 0.00207076096488376], [0.000300313183066156, 0.000128051918566202, 0.000113015081400817, 0.000248616208304472, 0.00212166019601174, 0.00118346898760775, 0.00207076096488376, 0.0047106085921072]]\n",
      "k =  [[0.0047106085921072, 0.7331840216539707, 0.4190249703136116, 0.45040044285714176, 0.05277793801867506, 0.04001468701321264, 0.04533870505915438, 0.06375252309634512], [0.7331840216539707, 0.00169338978593188, 0.49041196891990285, 0.4190249703136116, 0.04001468701321264, 0.029967076695427853, 0.032552257175378796, 0.04533870505915438], [0.4190249703136116, 0.49041196891990285, 0.00169338978593188, 0.7331840216539707, 0.04533870505915438, 0.032552257175378796, 0.029967076695427853, 0.04001468701321264], [0.45040044285714176, 0.4190249703136116, 0.7331840216539707, 0.0047106085921072, 0.06375252309634512, 0.04533870505915438, 0.04001468701321264, 0.05277793801867506], [0.05277793801867506, 0.04001468701321264, 0.04533870505915438, 0.06375252309634512, 0.0047106085921072, 0.7331840216539707, 0.4190249703136116, 0.45040044285714176], [0.04001468701321264, 0.029967076695427853, 0.032552257175378796, 0.04533870505915438, 0.7331840216539707, 0.00169338978593188, 0.49041196891990285, 0.4190249703136116], [0.04533870505915438, 0.032552257175378796, 0.029967076695427853, 0.04001468701321264, 0.4190249703136116, 0.49041196891990285, 0.00169338978593188, 0.7331840216539707], [0.06375252309634512, 0.04533870505915438, 0.04001468701321264, 0.05277793801867506, 0.45040044285714176, 0.4190249703136116, 0.7331840216539707, 0.0047106085921072]]\n"
     ]
    }
   ],
   "source": [
    "pathMutualInductance = 'M_MBHA001_8Layers.txt'\n",
    "pathMutualInductance = 'M_MBHA001_8Layers_ASYMMETRIC.txt'\n",
    "pathMutualInductance = 'M_MBHA001_8Layers_reordered.txt'\n",
    "DELIMITER = '\\t'\n",
    "\n",
    "L = MutualInductance.readDifferentialInductanceMatrixFromText(pathMutualInductance, DELIMITER);\n",
    "print(\"L = \",a.parse_java_array(L))\n",
    "k = MutualInductance.calculateCouplingCoefficients(L)\n",
    "print(\"k = \", a.parse_java_array(k))"
   ]
  },
  {
   "cell_type": "markdown",
   "metadata": {},
   "source": [
    "# Read R vector\n",
    "Assumptions\n",
    "1. entries are provided as a column\n",
    "2. the length of the column has to be equal to the size of the M matrix"
   ]
  },
  {
   "cell_type": "code",
   "execution_count": 5,
   "metadata": {},
   "outputs": [],
   "source": [
    "pathResistance = 'R_MBHA001_8Layers.txt'\n",
    "R_list = TextFile.read(pathResistance)\n",
    "R = a.convert_list_to_double_array(gateway, R_list)\n",
    "# print(\"R = \", a.parse_java_array(R))"
   ]
  },
  {
   "cell_type": "markdown",
   "metadata": {},
   "source": [
    "# Read C vector\n",
    "Assumptions\n",
    "1. entries are provided as a column\n",
    "2. the length of the column has to be equal to the size of the M matrix"
   ]
  },
  {
   "cell_type": "code",
   "execution_count": 6,
   "metadata": {},
   "outputs": [],
   "source": [
    "pathCapacitance = 'C_MBHA001_8Layers.txt'\n",
    "C_list = TextFile.read(pathCapacitance)\n",
    "C = a.convert_list_to_double_array(gateway, C_list)\n",
    "# print(\"C = \", a.parse_java_array(C))"
   ]
  },
  {
   "cell_type": "markdown",
   "metadata": {},
   "source": [
    "# Generate netlist"
   ]
  },
  {
   "cell_type": "code",
   "execution_count": 7,
   "metadata": {},
   "outputs": [],
   "source": [
    "MI = MutualInductance(L)\n",
    "nodesL = gateway.new_array(gateway.jvm.String, MI.getDim(), 2)\n",
    "nodesR = gateway.new_array(gateway.jvm.String, MI.getDim(), 2)\n",
    "nodesC = gateway.new_array(gateway.jvm.String, MI.getDim(), 2)"
   ]
  },
  {
   "cell_type": "markdown",
   "metadata": {},
   "source": [
    "# Assign nodes\n",
    "    (+)\n",
    "    (+)L(-) - (+)R(-) - (+)C(0) - ...\n",
    "    (1in)L(1mid) - (1mid)R(1out) - (1out)C(0) - ..."
   ]
  },
  {
   "cell_type": "code",
   "execution_count": 8,
   "metadata": {},
   "outputs": [],
   "source": [
    "GROUND_NODE = \"0\"\n",
    "\n",
    "for i in range(MI.getDim()):\n",
    "    if i == 0:\n",
    "        nodesL[i][0] = str.format(\"{}din\", i + 1)\n",
    "    else:\n",
    "        nodesL[i][0] = str.format(\"{}dout\", i)\n",
    "    \n",
    "    # L - negative (right terminal) - imid, e.g., 1mid\n",
    "    nodesL[i][1] = str.format(\"{}dmid\", i + 1);\n",
    "    \n",
    "    # R_par - positive (left terminal) - imid, e.g., 1mid\n",
    "    nodesR[i][0] = str.format(\"{}dmid\", i + 1);\n",
    "    \n",
    "    # R_par - negative (right terminal) - iout, e.g., 1out\n",
    "    nodesR[i][1] = str.format(\"{}dout\", i + 1);\n",
    "    \n",
    "    # C - positive (left terminal) - iout, e.g., 1out\n",
    "    nodesC[i][0] = str.format(\"{}dout\", i + 1);\n",
    "    \n",
    "    # C - negative (right terminal)\n",
    "    nodesC[i][1] = GROUND_NODE;"
   ]
  },
  {
   "cell_type": "markdown",
   "metadata": {},
   "source": [
    "# Add elements to the netlist object"
   ]
  },
  {
   "cell_type": "code",
   "execution_count": 9,
   "metadata": {},
   "outputs": [],
   "source": [
    "netlist = Netlist(\"\")\n",
    "\n",
    "namesL = gateway.new_array(gateway.jvm.String, MI.getDim())\n",
    "namesR = gateway.new_array(gateway.jvm.String, MI.getDim())\n",
    "namesC = gateway.new_array(gateway.jvm.String, MI.getDim())\n",
    "\n",
    "nodes = gateway.new_array(gateway.jvm.String, 2)\n",
    "\n",
    "for i in range(MI.getDim()):\n",
    "    netlist.add(CommentElement(str.format(\"* Cell {}\", i+1)))\n",
    "    \n",
    "    # Add inductors\n",
    "    namesL[i] = str.format(\"L_{}\", i+1)\n",
    "    nodes[0], nodes[1] = nodesL[i][1], nodesL[i][0]\n",
    "    value = str(MI.get(i, i))\n",
    "    netlist.add(GeneralElement(namesL[i], nodes, value))\n",
    "    \n",
    "    # Add resistance in series with the inductor\n",
    "    namesR[i] = str.format(\"R_{}\", i+1)\n",
    "    nodes[0], nodes[1] = nodesR[i][1], nodesR[i][0]\n",
    "    value = str(R[i])\n",
    "    netlist.add(GeneralElement(namesR[i], nodes, value))\n",
    "    \n",
    "    # Add capacitance to ground\n",
    "    namesC[i] = str.format(\"C_{}\", i+1)\n",
    "    nodes[0], nodes[1] = nodesC[i][1], nodesC[i][0]\n",
    "    value = str(C[i])\n",
    "    netlist.add(GeneralElement(namesC[i], nodes, value))"
   ]
  },
  {
   "cell_type": "markdown",
   "metadata": {},
   "source": [
    "# Add mutual coupling between cells"
   ]
  },
  {
   "cell_type": "code",
   "execution_count": 10,
   "metadata": {},
   "outputs": [],
   "source": [
    "netlist.add(CommentElement(\"Mutual coupling between cells\"))\n",
    "\n",
    "# Add inductive coupling coefficients - upper diagonal\n",
    "for row in range(MI.getDim()):\n",
    "    for col in range(row + 1, MI.getDim()):\n",
    "        name = str.format(\"K_{}_{}\", row + 1, col + 1)\n",
    "        nodes[0], nodes[1] = str.format(\"L_{}\", row + 1), str.format(\"L_{}\", col + 1)\n",
    "        value = str(k[row][col])\n",
    "        netlist.add(GeneralElement(name, nodes, value)) "
   ]
  },
  {
   "cell_type": "markdown",
   "metadata": {},
   "source": [
    "# Add an AC voltage/current source"
   ]
  },
  {
   "cell_type": "code",
   "execution_count": 11,
   "metadata": {},
   "outputs": [],
   "source": [
    "netlist.add(CommentElement(\"* Voltage source\"));\n",
    "name = \"V_AC\";\n",
    "nodes[0], nodes[1] = nodesL[0][0], nodesR[MI.getDim() - 1][1]\n",
    "value = \"AC 1\";\n",
    "netlist.add(GeneralElement(name, nodes, value));\n",
    "# netlist.getNetlists().add(GeneralElement(\"I_AC\", nodes, \"AC 1\"));"
   ]
  },
  {
   "cell_type": "markdown",
   "metadata": {},
   "source": [
    "# Add a resistor to ground for a bias point calculation"
   ]
  },
  {
   "cell_type": "code",
   "execution_count": 12,
   "metadata": {},
   "outputs": [],
   "source": [
    "netlist.add(CommentElement(\"* Resistance to ground\"));\n",
    "name = \"R_GND\";\n",
    "nodes[0], nodes[1] = nodesR[MI.getDim() - 1][1], GROUND_NODE\n",
    "value = \"1e6\";\n",
    "netlist.add(GeneralElement(name, nodes, value));"
   ]
  },
  {
   "cell_type": "markdown",
   "metadata": {},
   "source": [
    "# Add AC sweep solver"
   ]
  },
  {
   "cell_type": "code",
   "execution_count": 13,
   "metadata": {},
   "outputs": [],
   "source": [
    "pointsPerDecade = 50\n",
    "startFrequency = \"10Hz\"\n",
    "stopFrequency = \"10kHz\"\n",
    "\n",
    "netlist.setSolver(ACSolverElement.Builder()\n",
    "        .pointsPerDecade(pointsPerDecade)\n",
    "        .startFrequency(startFrequency)\n",
    "        .stopFrequency(stopFrequency)\n",
    "        .build())"
   ]
  },
  {
   "cell_type": "markdown",
   "metadata": {},
   "source": [
    "# Print the library subcircuit netlist"
   ]
  },
  {
   "cell_type": "code",
   "execution_count": 14,
   "metadata": {},
   "outputs": [
    {
     "name": "stdout",
     "output_type": "stream",
     "text": [
      "* Cell 1\n",
      "L_1 (1dmid 1din) 0.0047106085921072\n",
      "R_1 (1dout 1dmid) 1e-12\n",
      "C_1 (0 1dout) 1.657e-08\n",
      "* Cell 2\n",
      "L_2 (2dmid 1dout) 0.00169338978593188\n",
      "R_2 (2dout 2dmid) 1e-12\n",
      "C_2 (0 2dout) 2.921e-08\n",
      "* Cell 3\n",
      "L_3 (3dmid 2dout) 0.00169338978593188\n",
      "R_3 (3dout 3dmid) 1e-12\n",
      "C_3 (0 3dout) 1.657e-08\n",
      "* Cell 4\n",
      "L_4 (4dmid 3dout) 0.0047106085921072\n",
      "R_4 (4dout 4dmid) 1e-12\n",
      "C_4 (0 4dout) 2.921e-08\n",
      "* Cell 5\n",
      "L_5 (5dmid 4dout) 0.0047106085921072\n",
      "R_5 (5dout 5dmid) 1e-12\n",
      "C_5 (0 5dout) 1.657e-08\n",
      "* Cell 6\n",
      "L_6 (6dmid 5dout) 0.00169338978593188\n",
      "R_6 (6dout 6dmid) 1e-12\n",
      "C_6 (0 6dout) 2.921e-08\n",
      "* Cell 7\n",
      "L_7 (7dmid 6dout) 0.00169338978593188\n",
      "R_7 (7dout 7dmid) 1e-12\n",
      "C_7 (0 7dout) 1.657e-08\n",
      "* Cell 8\n",
      "L_8 (8dmid 7dout) 0.0047106085921072\n",
      "R_8 (8dout 8dmid) 1e-12\n",
      "C_8 (0 8dout) 2.921e-08\n",
      "*Mutual coupling between cells\n",
      "K_1_2 (L_1 L_2) 0.7331840216539707\n",
      "K_1_3 (L_1 L_3) 0.4190249703136116\n",
      "K_1_4 (L_1 L_4) 0.45040044285714176\n",
      "K_1_5 (L_1 L_5) 0.05277793801867506\n",
      "K_1_6 (L_1 L_6) 0.04001468701321264\n",
      "K_1_7 (L_1 L_7) 0.04533870505915438\n",
      "K_1_8 (L_1 L_8) 0.06375252309634512\n",
      "K_2_3 (L_2 L_3) 0.49041196891990285\n",
      "K_2_4 (L_2 L_4) 0.4190249703136116\n",
      "K_2_5 (L_2 L_5) 0.04001468701321264\n",
      "K_2_6 (L_2 L_6) 0.029967076695427853\n",
      "K_2_7 (L_2 L_7) 0.032552257175378796\n",
      "K_2_8 (L_2 L_8) 0.04533870505915438\n",
      "K_3_4 (L_3 L_4) 0.7331840216539707\n",
      "K_3_5 (L_3 L_5) 0.04533870505915438\n",
      "K_3_6 (L_3 L_6) 0.032552257175378796\n",
      "K_3_7 (L_3 L_7) 0.029967076695427853\n",
      "K_3_8 (L_3 L_8) 0.04001468701321264\n",
      "K_4_5 (L_4 L_5) 0.06375252309634512\n",
      "K_4_6 (L_4 L_6) 0.04533870505915438\n",
      "K_4_7 (L_4 L_7) 0.04001468701321264\n",
      "K_4_8 (L_4 L_8) 0.05277793801867506\n",
      "K_5_6 (L_5 L_6) 0.7331840216539707\n",
      "K_5_7 (L_5 L_7) 0.4190249703136116\n",
      "K_5_8 (L_5 L_8) 0.45040044285714176\n",
      "K_6_7 (L_6 L_7) 0.49041196891990285\n",
      "K_6_8 (L_6 L_8) 0.4190249703136116\n",
      "K_7_8 (L_7 L_8) 0.7331840216539707\n",
      "* Voltage source\n",
      "V_AC (1din 8dout) AC 1\n",
      "* Resistance to ground\n",
      "R_GND (8dout 0) 1e6\n",
      ".AC DEC 50 10Hz 10kHz\n",
      ".PROBE\n",
      ".END\n"
     ]
    }
   ],
   "source": [
    "netlistAsListString = netlist.print()\n",
    "for i in range(len(netlistAsListString)):\n",
    "    print(netlistAsListString[i])"
   ]
  },
  {
   "cell_type": "markdown",
   "metadata": {},
   "source": [
    "# Write netlist to a file"
   ]
  },
  {
   "cell_type": "code",
   "execution_count": 15,
   "metadata": {},
   "outputs": [
    {
     "name": "stdout",
     "output_type": "stream",
     "text": [
      " \n",
      "Time stamp: 2020-06-25 09:11:36.849294\n",
      "Netlist file generated.\n"
     ]
    }
   ],
   "source": [
    "TextFile.writeMultiLine('RLCnetwork_MBHA001_8Layers.cir', netlistAsListString, False)\n",
    "TextFile.writeMultiLine('RLCnetwork_MBHA001_8Layers_reordered.cir', netlistAsListString, False)\n",
    "\n",
    "# Display time stamp and end run\n",
    "currentDT = datetime.datetime.now()\n",
    "print(' ')\n",
    "print('Time stamp: ' + str(currentDT))\n",
    "print('Netlist file generated.')"
   ]
  }
 ],
 "metadata": {
  "kernelspec": {
   "display_name": "Python 3",
   "language": "python",
   "name": "python3"
  },
  "language_info": {
   "codemirror_mode": {
    "name": "ipython",
    "version": 3
   },
   "file_extension": ".py",
   "mimetype": "text/x-python",
   "name": "python",
   "nbconvert_exporter": "python",
   "pygments_lexer": "ipython3",
   "version": "3.7.6"
  }
 },
 "nbformat": 4,
 "nbformat_minor": 2
}
